# NProfiler #

# baseline
is = [1114, 1111, 1118, 1109, 1118, 1118, 1115, 1111, 1113, 1119] 1114.6  3.6
fs = [ 787,  780,  779,  772,  769,  778,  786,  771,  765,  783]  777.0  7.5
ms = [1589, 1612, 1610, 1600, 1599, 1596, 1625, 1605, 1607, 1621] 1606.4 11.1
os = [1086, 1088, 1090, 1082, 1085, 1087, 1094, 1084, 1083, 1094] 1087.3  4.2
su = [2499, 2459, 2446, 2565, 2555, 2547, 2545, 2516, 2497, 2393]   2.50 0.06

# trace
is = [1097, 1100, 1097, 1105, 1102, 1086, 1120, 1101, 1094, 1100] 1100.2  8.7
fs = [ 780,  772,  775,  768,  778,  777,  776,  784,  779,  781]  777.0  4.6
ms = [1612, 1608, 1602, 1571, 1587, 1598, 1589, 1601, 1627, 1622] 1601.7 16.8
os = [1081, 1079, 1078, 1073, 1078, 1072, 1086, 1082, 1083, 1085] 1079.7  4.7
su = [2531, 2518, 2600, 2597, 2480, 2472, 2499, 2486, 2448, 2425]   2.51 0.06

# memory
is = [ 767,  766,  765,  767,  772,  768,  770,  769,  759,  765]  766.8  3.5
fs = [ 772,  770,  778,  773,  773,  773,  779,  777,  777,  773]  774.5  3.0
ms = [1568, 1571, 1584, 1577, 1549, 1568, 1554, 1561, 1574, 1568] 1567.4 10.5
os = [ 925,  924,  928,  927,  924,  926,  925,  926,  924,  925]  925.4  1.3
su = [2870, 2905, 2939, 2922, 2989, 2973, 2989, 2896, 2942, 2967]   2.94 0.04

# trace + memory
is = [ 766,  766,  767,  773,  760,  768,  769,  757,  763,  770]  765.9  4.8
fs = [ 762,  773,  762,  775,  777,  777,  760,  775,  773,  768]  770.2  6.6
ms = [1560, 1578, 1573, 1537, 1556, 1551, 1555, 1542, 1558, 1559] 1556.9 12.4
os = [ 919,  923,  922,  922,  920,  923,  920,  916,  925,  922]  921.2  2.5
su = [2969, 2975, 3000, 3007, 3022, 3001, 2973, 3022, 3037, 3003]   3.00 0.02

# DroidScope #

trace
is = [   21,    29,    25,    27,    22,    23,    28,    27,    22,    28]
fs = [   14,    19,    16,    18,    14,    15,    19,    18,    13,    18]
ms = [  131,   142,   135,   138,   133,   135,   140,   136,   135,   141]
os = [   40,    47,    43,    45,    40,    41,    47,    44,    41,    46]
su = [48494, 46339, 43777, 42592, 45286, 40663, 42872, 44293, 42732, 41232]

trace + memory
is = [    12,     16,     11,     13,     11,     13,     13,     13,     12,     11]
fs = [    10,     13,     10,     11,     10,     12,     12,     10,     10,     10]
ms = [    85,     92,     78,     92,     77,     80,     81,     89,     87,     78]
os = [    25,     30,     24,     27,     24,     26,     26,     27,     26,     24]
su = [112722, 114306, 120449, 125529, 118443, 114860, 120143, 121211, 110864, 125339]
